0.2733969986438751
0.00036705745151266456
0.4930005967617035
0.008758787997066975
0.000518671702593565
0.0018007442122325301
0.3491988182067871
0.00044848810648545623
0.029867807403206825
0.8857743144035339
0.006130498833954334
0.0017735628644004464
0.0003092687111347914
0.19941633939743042
0.4492933452129364
0.0009688972495496273
0.9509057402610779
0.6389425992965698
0.15809792280197144
0.17442074418067932
0.0005879821837879717
0.7060092091560364
0.0008353990851901472
0.2100224792957306
0.24462111294269562
0.19148680567741394
0.00046178651973605156
0.0015074980910867453
0.019306275993585587
0.0017700360622256994
0.011970208026468754
0.0007348136277869344
0.023975219577550888
0.0018219772027805448
0.0007343803881667554
0.0014806046383455396
0.000582508509978652
0.0011947733582928777
0.0021691974252462387
0.1216641515493393
0.001339915208518505
0.009113864973187447
0.41184142231941223
0.0015953623224049807
0.0005263902130536735
0.0008109772461466491
0.006671342067420483
0.0005986078176647425
0.0006816695095039904
0.13885560631752014
0.9749336838722229
0.011825612746179104
0.0009255236946046352
0.3551185727119446
0.0009528283844701946
0.002715256530791521
0.0005711038247682154
0.22799134254455566
0.001875887275673449
0.14046281576156616
0.08147129416465759
0.002563098445534706
0.0022182371467351913
0.6404579281806946
0.00295713497325778
0.0005769659765064716
0.0009799248073250055
0.000446826423285529
0.0003886940539814532
0.038551393896341324
0.0009340672986581922
0.0369461327791214
0.0002925692533608526
0.7345380187034607
0.0013696065871044993
0.011621327139437199
0.0030887098982930183
0.0037452674005180597
0.0007000113255344331
0.00032409359118901193
0.0339050367474556
0.7552334070205688
0.0066559831611812115
0.009960295632481575
0.0007080022478476167
0.0031684748828411102
0.012480687350034714
0.0006368645699694753
0.004570641554892063
0.4209047555923462
0.00048194779083132744
0.013966678641736507
0.00041826925007626414
0.0014021839015185833
0.000871045223902911
0.0187714584171772
0.0014377855695784092
0.0011066446313634515
0.6936219334602356
0.0007582797552458942
0.06978338211774826
0.0024056117981672287
0.4086025059223175
0.07549873739480972
0.000710110180079937
0.0004590208118315786
0.40533289313316345
0.0004575913480948657
0.0007231299532577395
0.05344625189900398
0.0007601373363286257
0.00036064849700778723
0.00043177715269848704
0.000389603286748752
0.0014425890985876322
0.08385757356882095
0.5055522918701172
0.028581054881215096
0.0009949587984010577
0.3158475160598755
0.2990076541900635
0.00024261813086923212
0.644501805305481
0.0017451872117817402
0.009512192569673061
0.0004252322542015463
0.0006357544916681945
0.0002338457852602005
0.0023510039318352938
0.3168564438819885
0.0012051722733303905
0.00036789628211408854
0.00028156282496638596
0.005528583191335201
0.15487812459468842
0.0004368207009974867
0.002235349267721176
0.0012655502650886774
0.25520795583724976
0.000486582750454545
0.0020383894443511963
0.0020153718069195747
0.0004808224330190569
0.14088071882724762
0.91083163022995
0.0008657178841531277
0.0004787163925357163
0.4612146019935608
0.001051172730512917
0.0005124537274241447
0.0017451122403144836
0.010347128845751286
0.00034774557570926845
0.0005068975151516497
0.35245031118392944
0.0005347770056687295
0.0051816245540976524
0.0008410593145526946
0.002921079285442829
0.007729347329586744
0.00023810089624021202
0.0004757679416798055
0.0008332001743838191
0.0004026790556963533
0.0014181147562339902
0.000516234606038779
0.3533887565135956
0.08503556251525879
0.0065836780704557896
0.31967291235923767
0.0014217643765732646
0.0011311151320114732
0.039359111338853836
0.0026552535127848387
0.7009890675544739
0.0010481366189196706
0.000617233628872782
0.024824557825922966
0.0002422051184112206
0.001207062159664929
0.002211105776950717
0.000715786824002862
0.007628866471350193
0.05889356881380081
0.0011831332230940461
0.002249211072921753
0.00626409100368619
0.000751182553358376
0.0007066605030559003
0.00039510446367785335
0.00047510306467302144
0.2718534767627716
0.0004778759612236172
0.006362108513712883
0.06411983072757721
0.22760720551013947
0.0058755287900567055
0.0010298136621713638
0.00034532361314632
0.34664273262023926
0.05023719742894173
0.9839020371437073
0.0010017432505264878
0.002720115939155221
0.5760951042175293
0.0003800269041676074
0.00839608907699585
0.00039943959563970566
0.0011761978967115283
0.009196830913424492
0.0008897006046026945
0.0007541030645370483
0.00032380703487433493
0.9576492309570312
0.0008756842580623925
0.00039182548061944544
0.00033520531724207103
0.00024381259572692215
0.002397476462647319
0.0002329809794900939
0.0004479386261664331
0.7070665955543518
0.008789741434156895
0.0011579307029023767
0.006047880742698908
0.0020942548289895058
0.2726460099220276
0.0031943698413670063
0.01900363154709339
0.9394837617874146
0.0007271275389939547
0.0006514227716252208
0.8711199164390564
0.0014412339078262448
0.46668291091918945
0.0006086769280955195
0.0006451666704379022
0.0006719684461131692
0.0002521905698813498
0.0002917586825788021
0.004271522630006075
0.06627217680215836
0.0005857620853930712
0.0048067313618958
0.0015469128265976906
0.0012934511760249734
0.06058141216635704
0.9038295149803162
0.006131286732852459
0.00034854328259825706
0.029686791822314262
0.0004945414257235825
0.002753688720986247
0.0019147112034261227
0.00028200773522257805
0.000792166218161583
0.4522179365158081
0.0014036106877028942
0.0005735564627684653
0.0006495855050161481
0.00045524490997195244
0.6776251792907715
0.0018176947487518191
0.0006048163049854338
0.016334764659404755
0.04788270220160484
0.000214485073229298
0.13078488409519196
0.00036894556251354516
0.0004537597706075758
0.0012228743871673942
0.001879043411463499
0.0003790174669120461
0.006311929319053888
0.000968096312135458
0.00023088748275768012
0.00028084698715247214
0.15525346994400024
0.011506825685501099
0.7148433327674866
0.0002348176931263879
0.0006136157317087054
0.0017730632098391652
0.008400051854550838
0.0007515584584325552
0.030258897691965103
0.023463280871510506
0.0022163488902151585
0.0014647075440734625
0.0012932904064655304
0.0265272855758667
0.002742464654147625
0.0005083258729428053
0.0003039420407731086
0.0008138759876601398
0.025090685114264488
0.0004242155991960317
0.003996660467237234
0.0006807545432820916
0.0003083069168496877
0.012797028757631779
0.0003892216773238033
0.0016737235710024834
0.0036532662343233824
0.38971027731895447
0.6766983866691589
0.0005345114623196423
0.17442066967487335
0.000749249302316457
0.0007301911828108132
0.0014549742918461561
0.0005196920828893781
0.0002560970024205744
0.39251527190208435
0.0007271926733665168
0.038134366273880005
0.0007273509982042015
0.011569098569452763
0.0023494253400713205
0.002099320525303483
0.0008645036141388118
0.0006209610146470368
0.00022718434047419578
0.001540364813990891
0.011896639131009579
0.4004478454589844
0.627288281917572
0.0003649556892924011
0.0002521672286093235
0.1555323302745819
0.04094040393829346
0.003451308701187372
0.0005553746013902128
0.10007820278406143
0.0002862901601474732
0.0003948958474211395
0.006020573433488607
0.9993537068367004
0.00020498539379332215
0.058409206569194794
0.0008176912670023739
0.185220405459404
0.00035859146737493575
0.024137403815984726
0.9400978684425354
0.002052698051556945
0.13026252388954163
0.9997218251228333
0.000926533539313823
0.00031474328716285527
0.015293186530470848
0.10180659592151642
0.02293149195611477
0.0017965800361707807
0.023379823192954063
0.3230690062046051
0.007095343433320522
0.06209579110145569
0.0018247892148792744
0.0002751597494352609
0.0006040576263330877
0.000816249055787921
0.003024485893547535
0.00033921157591976225
0.008983281441032887
0.03650537133216858
0.0022700182162225246
0.031145211309194565
0.0006007471238262951
0.0007866784580983222
0.0003037166316062212
0.09351746737957001
0.508521556854248
0.001157779828645289
0.0019623814150691032
0.002471898915246129
0.04558886960148811
0.0031938718166202307
0.0013290941715240479
0.14855170249938965
0.00029312315746210515
0.2640312910079956
0.05490526184439659
0.001607627491466701
0.00035874894820153713
0.0071553862653672695
0.0005552128423005342
0.6182860136032104
0.0015539504820480943
0.004027421120554209
0.18390066921710968
0.00025639188243076205
0.0002155897964257747
0.0013674853835254908
0.0002279887266922742
0.05304737761616707
0.0003476464480627328
0.0003765084547922015
0.002424071077257395
0.006062186323106289
0.00043031826498918235
0.05381231755018234
0.4944814145565033
0.0010946253314614296
0.002956412499770522
0.02665228396654129
0.0038938643410801888
0.00034741091076284647
0.0014818557538092136
0.019880319014191628
0.0007271926733665168
0.0740392878651619
0.0008612616802565753
0.001016584923490882
0.04823955148458481
0.009032955393195152
0.0006331425975076854
0.013298179022967815
0.007008768618106842
0.0029855782631784678
0.0011698021553456783
0.0010770458029583097
0.0015490463702008128
0.001720895292237401
0.011099416762590408
0.3615965247154236
0.005575455259531736
0.0007008504471741617
0.0008156174444593489
0.0008724111248739064
0.2497430294752121
0.0005033970228396356
0.03278689831495285
0.001092208782210946
0.20384180545806885
0.0028800044674426317
0.00035444952663965523
0.0006173124420456588
0.22377564013004303
0.909464955329895
0.001825371291488409
0.00039613808621652424
0.0003403443261049688
0.0013472134014591575
0.0016179358353838325
0.0005248967790976167
0.0008151392103172839
0.8060470223426819
0.0002526341122575104
0.0018234000308439136
0.0010080760112032294
0.0029079983942210674
0.028808005154132843
0.34836891293525696
0.01489635556936264
0.311930388212204
0.001515037496574223
0.353567898273468
0.007237277925014496
0.0011106097372248769
0.0012315500061959028
0.0016818317817524076
0.001300617353990674
0.011466349475085735
0.011821996420621872
0.008210050873458385
0.003933030646294355
0.025777282193303108
0.029406331479549408
0.00037976144813001156
0.19324755668640137
0.9851272702217102
0.03259475529193878
0.0007300575380213559
0.0014108058530837297
0.0026101055555045605
0.0007570620509795845
0.0004838216118514538
0.0005059793475084007
0.0006775673246011138
0.18605025112628937
0.42351219058036804
0.0002732585708145052
0.0018430986674502492
0.005017282906919718
0.0004219170368742198
0.0005227299989201128
0.0011620097793638706
0.0003169383853673935
0.003026696853339672
0.0011926707811653614
0.781802773475647
0.003453487530350685
0.004198815207928419
0.0014520441181957722
0.04616852477192879
0.008931760676205158
0.047551341354846954
0.0015023640589788556
0.0038237753324210644
0.0005685723735950887
0.0003064858028665185
0.0002798964560497552
0.003362520830705762
0.016700366511940956
0.0011225097114220262
0.0006410649511963129
0.0018880265997722745
0.0005894938367418945
0.00047059849021025
0.010529221035540104
0.0009908702922984958
0.9894940257072449
0.0003281775861978531
0.16254360973834991
0.002406543353572488
0.295743852853775
0.007808500900864601
0.012405171990394592
0.0002797577471937984
0.037542924284935
0.000675829651299864
0.03098241426050663
0.20007140934467316
0.013877756893634796
0.15539662539958954
0.07863309234380722
0.9053366780281067
0.0014465496642515063
0.20631656050682068
0.0004045954847242683
0.0012217805488035083
0.0002456220390740782
0.030501678586006165
0.007090510800480843
0.0024165462236851454
0.16079583764076233
0.0019898167811334133
0.00025674636708572507
0.0014692035038024187
0.0016960323555395007
0.000555397302377969
0.0008681108010932803
0.0005470234318636358
0.00039008588646538556
0.9596292972564697
0.000411758926929906
0.006711345165967941
0.0009728196309879422
0.0009950848761945963
0.0012028443161398172
0.0007683460135012865
0.00031971585121937096
0.2359454333782196
0.0006726825376972556
0.00346369668841362
0.006101274397224188
0.001974578481167555
0.0008743468788452446
0.35743626952171326
0.002682373160496354
0.00028161838417872787
0.0005283092032186687
0.006481879390776157
0.0004176827205810696
0.0010048613185063004
0.21996627748012543
0.001384654315188527
0.004032094497233629
0.0014309632824733853
0.0008715545409359038
0.0005044907447881997
0.9946615099906921
0.0003831436624750495
0.0010110812727361917
0.0005523778381757438
0.00042762834345921874
0.0049484483897686005
0.6080375909805298
0.002777665853500366
0.002909396542236209
0.00034624108229763806
0.019496241584420204
0.0626317486166954
0.002880390966311097
0.013636238873004913
0.0005495198420248926
0.03165110945701599
0.002508593490347266
0.00040480782627128065
0.0007422283524647355
0.9987687468528748
0.0019138267962262034
0.017572997137904167
0.021227478981018066
0.01230138260871172
0.0009212194127030671
0.0002951124042738229
0.000222543632844463
0.000752839376218617
0.00036567365168593824
0.0005233458359725773
0.3255991041660309
0.0050558471120893955
0.00026351556880399585
0.000526893010828644
0.08254162967205048
0.001238281256519258
0.0040513817220926285
0.018143637105822563
0.01018656324595213
0.013164501637220383
0.0005454486818052828
0.0009860266000032425
0.00044479125062935054
0.00856215413659811
0.0006822593277320266
0.08195201307535172
0.009543917141854763
0.48931923508644104
0.0003227237320970744
0.0030457130633294582
0.00221947836689651
0.0866762027144432
0.27538132667541504
0.005866094492375851
0.0009881119476631284
0.039467405527830124
0.00023577002866659313
0.018798409029841423
0.006858276668936014
0.002960674464702606
0.0002727478859014809
0.0006077709258534014
0.9822520017623901
0.008094476535916328
0.009989001788198948
0.31486976146698
0.004585224203765392
0.0004895477904938161
0.0066334097646176815
0.0004262031870894134
0.0003122726920992136
0.13361681997776031
0.00036651716800406575
0.01254385244101286
0.005024620331823826
0.732965350151062
0.0008215236593969166
0.0009481659508310258
0.0010129044530913234
0.0016842175973579288
0.24757756292819977
0.0012573512503877282
0.5859916806221008
0.000693128036800772
0.007650726940482855
0.0007037755567580462
0.008827936835587025
0.08607745170593262
0.0004727014747913927
0.010334085673093796
0.00030143000185489655
0.004145251587033272
0.00044080079533159733
0.0014520080294460058
0.00035096786450594664
0.5758730173110962
0.003751537064090371
0.004337008576840162
0.03877467289566994
0.0004026257083751261
0.0010356195271015167
0.003988779615610838
0.0011477279476821423
0.003279684344306588
0.003589834552258253
0.004978663753718138
0.0005174830439500511
0.05120246112346649
0.00032030954025685787
0.006730915978550911
0.44529134035110474
0.004231937695294619
0.19615177810192108
0.09401582926511765
0.06055660918354988
0.03543436899781227
0.001321026706136763
0.0015166093362495303
0.0038184006698429585
0.1725980043411255
0.6449581384658813
0.32740309834480286
0.0006313397316262126
0.0006790354382246733
0.0025455893483012915
0.00992144737392664
0.009579719044268131
0.00028833281248807907
0.0004391621332615614
0.0003017813724000007
0.024005545303225517
0.898296594619751
0.0005844187107868493
0.0005336791509762406
0.022693917155265808
0.6624847054481506
0.0003452526871114969
0.019855257123708725
0.0004544014227576554
0.0363142192363739
0.00022583259851671755
0.008172079920768738
0.0035618555266410112
0.5067168474197388
0.1737452745437622
0.0009446672629565
0.0004606706788763404
0.016033750027418137
0.0005624659825116396
0.0012379968538880348
0.0004644467553589493
0.0017514904029667377
0.0027530628722161055
0.9522024989128113
0.004724230617284775
0.00043450042721815407
0.007205764763057232
0.03637672960758209
0.004831683821976185
0.0006884309113956988
0.001831689616665244
0.000675852585118264
0.0180007666349411
0.0006599035114049911
0.0013084772508591413
0.030926154926419258
0.0006080408347770572
0.0044355676509439945
0.0010325241601094604
0.020232681185007095
0.15743523836135864
0.49463820457458496
0.0013644451973959804
0.0024758712388575077
0.0747557282447815
0.8670386672019958
0.0040219128131866455
0.006488896906375885
0.00019417612929828465
0.00208549783565104
0.0004245098680257797
0.00023909889569040388
0.0007093073800206184
0.00036585028283298016
0.009040771052241325
0.00043113637366332114
0.0006119506433606148
0.0005143652088008821
0.0023305679205805063
0.14243635535240173
0.0003431360819377005
0.014792578294873238
0.0006113945273682475
0.011853919364511967
0.0007724499446339905
0.000980361714027822
0.0006574002327397466
0.00104617141187191
0.0012395610101521015
0.009335159324109554
0.04581867903470993
0.0013544802786782384
0.0002301410713698715
0.005146539770066738
0.33119693398475647
0.002864961978048086
0.0003980741312261671
0.015101962722837925
0.0017942694248631597
0.0015015224926173687
0.0010592984035611153
0.0012001781724393368
0.010765619575977325
0.07580684870481491
0.0006867732736282051
0.003966533113270998
0.0005093574291095138
0.1424362063407898
0.00026097899535670877
0.17850539088249207
0.3308858871459961
0.00048488035099580884
0.0016959074418991804
0.0004895185120403767
0.00045803075772710145
0.003236449556425214
0.00124717119615525
0.4485960304737091
0.01110837608575821
0.25664597749710083
0.006605472881346941
0.0018669262062758207
0.0003826725878752768
0.0011105377925559878
0.0005743601359426975
0.001468168688006699
0.015334286727011204
0.4942258596420288
0.0006897897110320628
0.0006006308831274509
0.05113760381937027
0.0019979672506451607
0.0006422654842026532
0.001068331766873598
0.007310598157346249
0.004966313485056162
0.20932374894618988
0.04118688032031059
0.0007736587431281805
0.00024440052220597863
0.9616795778274536
0.7696266770362854
0.0018558307783678174
0.7678951621055603
0.0002976696996483952
0.0014464035630226135
0.00023595913080498576
0.001351736718788743
0.006158303935080767
0.08207637071609497
0.0004913922748528421
0.9399204850196838
0.5007050633430481
0.0009342404664494097
0.0012940912274643779
0.0033908127807080746
0.0026751039549708366
0.0003573625290300697
0.0013910486595705152
0.009960765019059181
0.6372008919715881
0.0005733706057071686
0.00043813977390527725
0.0041678487323224545
0.016983743757009506
0.0022918200120329857
0.0042665870860219
0.0009644696256145835
0.007787777576595545
0.9482840299606323
0.010657306760549545
0.3201325237751007
0.0003568967804312706
0.3491107225418091
0.0008424881962127984
0.0012131169205531478
0.23949481546878815
0.00044532943866215646
0.002604844979941845
0.0007539450889453292
0.0004231693164911121
0.5490199327468872
0.0014081589179113507
0.36842045187950134
0.0006661104271188378
0.005548548884689808
0.001249113236553967
0.0009126271470449865
0.0020503730047494173
0.2510031759738922
0.004014918580651283
0.0030807279981672764
0.0004138086806051433
0.8464473485946655
0.0011639882577583194
0.008892465382814407
0.00044342727051116526
0.0006769754108972847
0.02134258672595024
0.000579873681999743
0.0017357557080686092
0.0006593152065761387
0.00040944799548015
0.000547094561625272
0.8832316994667053
0.00028856436256319284
0.0007288709748536348
0.014576911926269531
0.005714395083487034
0.23706389963626862
0.0016301063587889075
0.001220077509060502
0.856254518032074
0.0012335401261225343
0.0014058247907087207
0.0471058264374733
0.01960015296936035
0.00044087975402362645
0.004198583774268627
0.30583253502845764
0.0007016587187536061
0.0009374535293318331
0.0019095013849437237
0.992970883846283
0.00046129029942676425
0.009549750946462154
0.00243631680496037
0.9994438290596008
0.0002695618895813823
0.9609652757644653
0.00028306012973189354
0.024572569876909256
0.14135146141052246
0.0014293723506852984
0.0013529416173696518
0.02086070366203785
0.0018524032784625888
0.0007655475637875497
0.006056083366274834
0.0006223930395208299
0.0031285553704947233
0.0005651932442560792
0.00020352998399175704
0.02713790349662304
0.022521736100316048
0.0023807224351912737
0.0004505001998040825
0.003086349694058299
0.0614406019449234
0.0012828301405534148
0.2819962799549103
0.37703871726989746
0.00038859125925228
0.00147727329749614
0.0004995428607799113
0.0007622117991559207
0.0019214693456888199
0.003890577470883727
0.5816470384597778
0.0003386260650586337
0.6601414084434509
0.008488979190587997
0.001913293031975627
0.10186130553483963
0.0005172237288206816
0.0006357296952046454
0.0018963369075208902
0.0011667918879538774
0.04913990572094917
0.06548360735177994
0.18612952530384064
0.6085129380226135
0.008553395979106426
0.0030947457998991013
0.0003400371933821589
0.0023519594687968493
0.042230941355228424
0.05269164592027664
0.0024120742455124855
0.0016386790666729212
0.0019126037368550897
0.0002819069195538759
0.0012911808444187045
0.03967437893152237
0.0006611644639633596
0.07958747446537018
0.07906872779130936
0.00032833157456479967
0.0003440375148784369
0.002011433942243457
0.0005663386546075344
0.3754575252532959
0.9071434736251831
0.003666855162009597
0.0011865999549627304
0.000772212166339159
0.0015489013167098165
0.04847739264369011
0.0006383336149156094
0.00027790243620984256
0.004264812916517258
0.8000714778900146
0.000682131911162287
0.0016598569927737117
0.002075884025543928
0.007982684299349785
0.025568434968590736
0.17842957377433777
0.0005056765512563288
0.001897448324598372
0.003593677654862404
0.007057807873934507
0.5327110886573792
0.00019205657008569688
0.007991498336195946
0.00028330422355793417
0.0064185443334281445
0.002024082699790597
0.0008861247915774584
0.00045094278175383806
0.649111270904541
0.002104714512825012
0.9878371357917786
0.3827524781227112
0.0011197659187018871
0.0011446330463513732
0.0009610215784050524
0.0014554328517988324
0.8637129068374634
0.00027874865918420255
0.010481867007911205
0.00694621866568923
0.0031374311074614525
0.0003586536622606218
0.1905944049358368
0.0007955650798976421
0.001097060856409371
0.0006389194750227034
0.00040194939356297255
0.013837063685059547
0.0006342547130770981
0.008312790654599667
0.0010978193022310734
0.9947358965873718
0.0008103340514935553
0.057770129293203354
0.012567096389830112
0.07167838513851166
0.00272275204770267
0.00023404587409459054
0.02146994322538376
0.00047870661364868283
0.00224445853382349
0.0014183376915752888
0.04021594673395157
0.000870445859618485
0.0004997281939722598
0.005300796125084162
0.00038664074963890016
0.00032425185781903565
0.7538645267486572
0.01539447158575058
0.18969260156154633
0.0012921479064971209
0.9991133809089661
0.35816580057144165
0.0005745452363044024
0.0006230782601051033
0.0009727436117827892
0.08366447687149048
0.3148171603679657
0.13361681997776031
0.004514041822403669
0.0034448658116161823
0.9046576619148254
0.7169906497001648
0.26587891578674316
0.0004093184834346175
0.00031153965392149985
0.019405504688620567
0.15903033316135406
0.001562911900691688
0.41866055130958557
0.00024644305813126266
0.0021687308326363564
0.0005336282192729414
0.0009408111218363047
0.5597527623176575
0.0003422291483730078
0.030659116804599762
0.0007971700979396701
0.07549873739480972
0.0017932746559381485
0.0034473256673663855
0.0032015687320381403
0.0038337891455739737
0.49475112557411194
0.0003366010496392846
0.8942957520484924
0.0008141575963236392
0.24618758261203766
0.00019481517665553838
0.00026563595747575164
0.0014546590391546488
0.00037945929216220975
0.7766851186752319
0.46337640285491943
0.03950171172618866
0.000288549781544134
0.0018423446454107761
0.000499583373311907
0.08736053854227066
0.18406391143798828
0.0049876924604177475
0.643702507019043
0.001583960372954607
0.0004226677992846817
0.000379667297238484
0.0013559769140556455
0.0012352525955066085
0.006583033129572868
0.0008298833854496479
0.0039059827104210854
0.0007281398284249008
0.0019649271853268147
0.0016450061229988933
0.0028226934373378754
0.00023283173504751176
0.715039074420929
0.9621695876121521
0.00030511265504173934
0.0003368500038050115
0.1024031788110733
0.1396731287240982
0.010414809919893742
0.00044294772669672966
0.0013023775536566973
0.0010490171844139695
0.006593424826860428
0.0008936167578212917
0.0003523677005432546
0.0009287201683036983
0.00046386269968934357
0.01208654697984457
0.0008572408696636558
0.0011457616928964853
0.28463104367256165
0.0004027062968816608
0.0009078252478502691
0.005005307029932737
0.0027455270756036043
0.028900427743792534
0.0017809141427278519
0.00031733931973576546
0.0004732079978566617
0.0003982998023275286
0.07736078649759293
0.00026816665194928646
0.00031943313661031425
0.007864091545343399
0.0020612822845578194
0.12885570526123047
0.0010985039407387376
0.0051476783119142056
0.0002926730376202613
0.0005437367362901568
0.0019762497395277023
0.0003303725097794086
0.0012104460038244724
0.7141830325126648
0.0023613248486071825
0.004000040236860514
0.00025375952827744186
0.1501624435186386
0.000927985121961683
0.9103644490242004
0.012169940397143364
0.005945813376456499
0.0018404637230560184
0.03190523013472557
0.022190270945429802
0.00031488825334236026
0.23915989696979523
0.43620797991752625
0.006852997466921806
0.00020294109708629549
0.005391966085880995
0.000287298287730664
0.1540689766407013
0.6054919958114624
0.0010498191695660353
0.0014899359084665775
0.0007485307287424803
0.9865012764930725
0.009160568937659264
0.8678684234619141
0.0010614203056320548
0.0005191678064875305
0.015390263870358467
0.0032526568975299597
0.0015508418437093496
0.0017696518916636705
0.003987877629697323
0.013663755729794502
0.0005947051686234772
0.007767497096210718
0.7251574397087097
0.456382691860199
0.0003998590400442481
0.0004700555873569101
0.001773368683643639
0.0003542686172295362
0.005443285685032606
0.0012145999353379011
0.5832583904266357
0.005307415500283241
0.0008307828684337437
0.37108030915260315
0.0004202075069770217
0.0009013480157591403
0.926556408405304
0.0003271807509008795
0.011109041050076485
0.000237447748077102
0.001379785011522472
0.0060338363982737064
0.0007452524150721729
0.011393106542527676
0.0024425385054200888
0.0028149180579930544
0.00029057860956527293
0.0003031803062185645
0.04580613225698471
0.0001986295246751979
0.0004299233842175454
0.12730245292186737
0.004382803104817867
0.47774115204811096
0.0006236369954422116
0.27319636940956116
0.7456918358802795
0.06374891847372055
0.5474490523338318
0.6291866302490234
0.0012680967338383198
0.013029942288994789
0.0002988996566273272
0.016093170270323753
0.4389617145061493
0.3743307888507843
0.0035116435028612614
0.0002926166926044971
0.02455020695924759
0.9340792298316956
0.017220087349414825
0.04188625514507294
0.08464139699935913
0.0037290635518729687
0.018543248996138573
0.0010625902796164155
0.4844825863838196
0.36576592922210693
0.35692861676216125
0.13173623383045197
0.35908323526382446
0.0007059617782942951
0.00039436601218767464
0.001238084165379405
0.001114452606998384
0.007238216698169708
0.000474804692203179
0.1786775141954422
0.004419701639562845
0.4879576861858368
0.909486711025238
0.001316174166277051
0.0032204189337790012
0.07628602534532547
0.0006455385009758174
0.0004369672969914973
0.0003536315052770078
0.049403417855501175
0.00030245076050050557
0.029862109571695328
0.027001846581697464
0.0007179572712630033
0.00021905594621784985
0.03829612210392952
0.00021600503532681614
0.7347431182861328
0.020163005217909813
0.024160103872418404
0.001415381906554103
0.00028516590828076005
0.07856312394142151
0.7855077981948853
0.00025290498160757124
0.16153550148010254
0.000309506751364097
0.0020355747547000647
0.00032672498491592705
0.9107685089111328
0.0005400769296102226
0.005134254693984985
0.13827085494995117
0.0003104485513176769
0.3433735966682434
0.0021148803643882275
0.00048167724162340164
0.0018213980365544558
0.0005233539268374443
0.008402928709983826
0.00899391621351242
0.0023875057231634855
0.0002256703155580908
0.00031272077467292547
0.03967342898249626
0.19624817371368408
0.00023800486815162003
0.000596345285885036
0.000943004444707185
0.0003602055658120662
0.0011205567279830575
0.0008447864092886448
0.0067993286065757275
0.0020628112833946943
0.00035086466232314706
0.00029668427305296063
0.0010809899540618062
0.014904963783919811
0.0012796707451343536
0.9986887574195862
0.0002825820993166417
0.014082066714763641
0.0028366106562316418
0.001108567463234067
0.019148899242281914
0.005680948495864868
0.01909935474395752
0.000684774131514132
0.007862388156354427
0.000368746230378747
0.0037290635518729687
0.003410452278330922
0.0003130644035991281
0.003986749332398176
0.008777216076850891
0.49642738699913025
0.0003038301947526634
0.0003886501071974635
0.1831740289926529
0.1391797959804535
0.06263688206672668
0.001866870908997953
0.00045903390855528414
0.0016225483268499374
0.0017139667179435492
0.00024712964659556746
0.013274537399411201
0.009119267575442791
0.0002855655620805919
0.387502521276474
0.8291910886764526
0.00024249670968856663
0.0068965815007686615
0.0003792552452068776
0.007455144077539444
0.0771479457616806
0.011606231331825256
0.0002794900501612574
0.002681444864720106
0.0010040461784228683
0.015402005985379219
0.004161502700299025
0.0008505178266204894
0.0002641821629367769
0.0002950940979644656
0.0018579643219709396
0.8581320643424988
0.0002986789040733129
0.0026504830457270145
0.10700535029172897
0.00042483906145207584
0.0004122608806937933
0.01743948459625244
0.001095236511901021
0.0012839107075706124
0.0016901884227991104
0.27166834473609924
0.0005946292658336461
0.000549584161490202
0.000874595541972667
0.00028822943568229675
0.009689158760011196
0.033684853464365005
0.0018589054234325886
0.004905557259917259
0.005498687736690044
0.0005903049022890627
0.0005182659369893372
0.06572946906089783
0.0006693839677609503
0.002231634221971035
0.6262287497520447
0.00022414798149839044
0.00039038874092511833
0.00035604939330369234
0.004577213432639837
0.005653696600347757
0.00026021647499874234
0.016592515632510185
0.0070189242251217365
0.3470650017261505
0.003568814368918538
0.00026414619060233235
0.0028789339121431112
0.41753628849983215
0.0011300300247967243
0.0013055718736723065
0.012969916686415672
0.149119570851326
0.40870100259780884
0.0010412479750812054
0.2977696657180786
0.9694352746009827
0.0005271069821901619
0.0007450797711499035
0.026214981451630592
0.0011767762480303645
0.00022890571563038975
0.0031334159430116415
0.0026642249431461096
0.002008123090490699
0.00022737545077688992
